Gold (OG|GC) G2MN6 (0.10 DTE) vs 4017.9 (-95.8) - Intraday Volume
Put: 2,547  Call: 2,318  Vol: 34.32  Vol Chg: 15.11  Future Chg: -95.8
Strike,Call,Put,Vol Settle
3955,0,8,0.22304858514416992
3960,0,57,0.22133243032749306
3965,1,11,0.21944599122980435
3970,1,46,0.21740611328823434
3975,0,35,0.21522920635561604
3980,0,53,0.21293124471958436
3985,0,13,0.21052776711167098
3990,2,26,0.20803387670730444
3995,0,50,0.20546424111307715
4000,22,610,0.20283309237311187
4005,0,16,0.2001542269699712
4010,12,75,0.1974410058301146
4015,17,23,0.19470635431298433
4020,7,87,0.19196276220282016
4025,26,71,0.18922228374412953
4030,1,115,0.18649653761985974
4035,5,35,0.18379670692866057
4040,13,101,0.18113353922217357
4045,25,232,0.17851734648502315
4050,43,420,0.17595800514482107
4055,24,24,0.17346495606216195
4060,78,30,0.17104720453335176
4065,54,20,0.16871332030586927
4070,107,42,0.16647143755926663
4075,22,23,0.1643292548969839
4080,135,51,0.16229403537909093
4085,18,8,0.16037260648317897